Sample	0	1	2	3	4	5	6	7	8	9	10	11	12	13	14	15
SRR8146935_1	(1.0, 71.52349099918669)	(2.0, 16.440840349562695)	(3.0, 5.91646960770303)	(4.0, 2.584909896869779)	(5.0, 1.4081228855652448)	(6.0, 0.775368638283812)	(7.0, 0.4199049307746186)	(8.0, 0.2470255229866008)	(9.0, 0.1322536355773476)	('>10', 0.5426469780253237)	('>50', 0.0)	('>100', 0.0017348702440675454)	('>500', 0.00723168522085996)	('>1k', 0.0)	('>5k', 0.0)	('>10k+', 0.0)
SRR8146935_2	(1.0, 79.273168784854)	(2.0, 12.192382071449604)	(3.0, 4.215276902167536)	(4.0, 1.8670444450148937)	(5.0, 0.9643484040846935)	(6.0, 0.5461560835161728)	(7.0, 0.28500820143361705)	(8.0, 0.17142477280491475)	(9.0, 0.10500536837063179)	('>10', 0.36985696197308815)	('>50', 0.0010646612095825633)	('>100', 0.0017457898470883747)	('>500', 0.007517553274249159)	('>1k', 0.0)	('>5k', 0.0)	('>10k+', 0.0)
SRR8146936_1	(1.0, 45.503383945787014)	(2.0, 19.391205995044615)	(3.0, 12.311880503714017)	(4.0, 7.631381655679488)	(5.0, 4.4302325613192055)	(6.0, 2.621237714444157)	(7.0, 1.5815048684065838)	(8.0, 1.0537561929951973)	(9.0, 0.6242508771142934)	('>10', 3.600782155133582)	('>50', 0.9244426786608242)	('>100', 0.31353810302344975)	('>500', 0.005036601060161995)	('>1k', 0.007366147617283611)	('>5k', 0.0)	('>10k+', 0.0)
SRR8146936_2	(1.0, 60.05260112257754)	(2.0, 15.008182669354369)	(3.0, 9.182265730770474)	(4.0, 5.2920340948241495)	(5.0, 3.0595477823924506)	(6.0, 1.7516410788796473)	(7.0, 1.0413246962177551)	(8.0, 0.6240143375389753)	(9.0, 0.4373899676019696)	('>10', 2.6116775922591695)	('>50', 0.7371885516801011)	('>100', 0.1895159788001509)	('>500', 0.001961534897494364)	('>1k', 0.010654862205860408)	('>5k', 0.0)	('>10k+', 0.0)
SRR8146938_1	(1.0, 80.14969330316724)	(2.0, 13.894491456285829)	(3.0, 3.66791980639604)	(4.0, 1.2688272415342434)	(5.0, 0.47095183252543715)	(6.0, 0.23523990711811849)	(7.0, 0.10366297629131886)	(8.0, 0.07859088383450728)	(9.0, 0.03227888193993712)	('>10', 0.07390004562600518)	('>50', 0.0065121275575448995)	('>100', 0.016232633545133743)	('>500', 0.0016989041786518956)	('>1k', 0.0)	('>5k', 0.0)	('>10k+', 0.0)
SRR8146938_2	(1.0, 85.82154037183365)	(2.0, 9.995449555017293)	(3.0, 2.6401810008817206)	(4.0, 0.8556334052196342)	(5.0, 0.35749842739446036)	(6.0, 0.1306931259803312)	(7.0, 0.06843895669231422)	(8.0, 0.036272865139290636)	(9.0, 0.020174095269758826)	('>10', 0.05173432743501296)	('>50', 0.005488311102806927)	('>100', 0.015129177211661371)	('>500', 0.001766380822042963)	('>1k', 0.0)	('>5k', 0.0)	('>10k+', 0.0)
SRR8146944_1	(1.0, 54.47751081638509)	(2.0, 12.421222152570325)	(3.0, 9.271418886591174)	(4.0, 7.408035569034116)	(5.0, 5.246455612408296)	(6.0, 3.644307338008991)	(7.0, 2.3960669404620827)	(8.0, 1.4895822969827002)	(9.0, 0.9874713796501313)	('>10', 2.6416568467326127)	('>50', 0.0054729981711632925)	('>100', 0.005544750173686506)	('>500', 0.005254412829621215)	('>1k', 0.0)	('>5k', 0.0)	('>10k+', 0.0)
SRR8146944_2	(1.0, 69.12364240136714)	(2.0, 9.16773136703827)	(3.0, 6.645239921525975)	(4.0, 5.003596469305068)	(5.0, 3.4212615011259597)	(6.0, 2.3044865223980464)	(7.0, 1.4086299399104503)	(8.0, 0.8602682884096012)	(9.0, 0.5377634055744887)	('>10', 1.5137202685769693)	('>50', 0.0010922870188372511)	('>100', 0.007119275242996357)	('>500', 0.005448352506191038)	('>1k', 0.0)	('>5k', 0.0)	('>10k+', 0.0)
SRR8146951_1	(1.0, 56.14984496444683)	(2.0, 19.07756529958152)	(3.0, 10.570948293603584)	(4.0, 5.8690936072292885)	(5.0, 3.4519715570513725)	(6.0, 1.7665865389375737)	(7.0, 0.9511446573382626)	(8.0, 0.5677023825569556)	(9.0, 0.3244766717881017)	('>10', 1.230391135337337)	('>50', 0.026815721784260792)	('>100', 0.009281516661436128)	('>500', 0.004177653683475075)	('>1k', 0.0)	('>5k', 0.0)	('>10k+', 0.0)
SRR8146951_2	(1.0, 70.74027230600188)	(2.0, 13.51695916580891)	(3.0, 7.02563938906384)	(4.0, 3.908574456917676)	(5.0, 2.014100965878506)	(6.0, 1.0026121154590135)	(7.0, 0.5400637967643382)	(8.0, 0.27183335618744275)	(9.0, 0.17234676170335977)	('>10', 0.7854991819824519)	('>50', 0.017175857286740752)	('>100', 0.0025641003971449794)	('>500', 0.002358546548713721)	('>1k', 0.0)	('>5k', 0.0)	('>10k+', 0.0)
SRR8146952_1	(1.0, 64.95591160347084)	(2.0, 15.560560357910171)	(3.0, 6.151074141921116)	(4.0, 3.3348948832769976)	(5.0, 2.139903345053346)	(6.0, 1.3183358193121901)	(7.0, 0.9621318774736283)	(8.0, 0.7751298975916416)	(9.0, 0.5926822803367593)	('>10', 3.7340038351065363)	('>50', 0.2718585629216007)	('>100', 0.1868834879512732)	('>500', 0.016629907673659673)	('>1k', 0.0)	('>5k', 0.0)	('>10k+', 0.0)
SRR8146952_2	(1.0, 75.99018252705851)	(2.0, 10.630129464746409)	(3.0, 4.370291372490491)	(4.0, 2.372294562429227)	(5.0, 1.3868256481161676)	(6.0, 0.8771448231123194)	(7.0, 0.7394135608439071)	(8.0, 0.5026242078371765)	(9.0, 0.4185366646126511)	('>10', 2.4223866053294834)	('>50', 0.17348595445223403)	('>100', 0.10087268647002642)	('>500', 0.015811922501406946)	('>1k', 0.0)	('>5k', 0.0)	('>10k+', 0.0)
SRR8146954_1	(1.0, 65.16412789725625)	(2.0, 16.087937565659644)	(3.0, 8.043652386809638)	(4.0, 4.698912342009193)	(5.0, 2.663575840155369)	(6.0, 1.319559265302405)	(7.0, 0.6778184199910944)	(8.0, 0.30155910596095126)	(9.0, 0.17371302412545261)	('>10', 0.8618911773397091)	('>50', 0.0032464345605334737)	('>100', 0.001145844090374968)	('>500', 0.0028606967393394922)	('>1k', 0.0)	('>5k', 0.0)	('>10k+', 0.0)
SRR8146954_2	(1.0, 75.06194109542992)	(2.0, 11.939691697961509)	(3.0, 5.959433618569325)	(4.0, 3.2837517585264533)	(5.0, 1.6616893496471306)	(6.0, 0.8259376011671605)	(7.0, 0.3656791404311957)	(8.0, 0.17451343974109523)	(9.0, 0.11010276322957345)	('>10', 0.6161879672163065)	('>50', 0.0010715680803071504)	('>100', 0.0)	('>500', 0.0)	('>1k', 0.0)	('>5k', 0.0)	('>10k+', 0.0)
SRR8146955_1	(1.0, 77.13883943515101)	(2.0, 15.867388826479717)	(3.0, 4.270344613642362)	(4.0, 1.371372454206762)	(5.0, 0.4821313271849534)	(6.0, 0.2172275226869633)	(7.0, 0.11680349811539092)	(8.0, 0.08065371699398304)	(9.0, 0.05753678262261444)	('>10', 0.3897767969137116)	('>50', 0.0021343639894446675)	('>100', 0.0015621270647384524)	('>500', 0.004228534948313311)	('>1k', 0.0)	('>5k', 0.0)	('>10k+', 0.0)
SRR8146955_2	(1.0, 84.59617233798494)	(2.0, 10.895309449047815)	(3.0, 2.7697043115100644)	(4.0, 0.8487692729090048)	(5.0, 0.3154079531949678)	(6.0, 0.12269484538213933)	(7.0, 0.08659408386904444)	(8.0, 0.0483898282273963)	(9.0, 0.037345426903564655)	('>10', 0.2712812715023906)	('>50', 0.0010967589545310124)	('>100', 0.0029762246608873136)	('>500', 0.004258235853274622)	('>1k', 0.0)	('>5k', 0.0)	('>10k+', 0.0)
SRR8146956_1	(1.0, 76.37174637718725)	(2.0, 15.789670642585197)	(3.0, 4.338918196405877)	(4.0, 1.5773145228829653)	(5.0, 0.7012826999105055)	(6.0, 0.40744070650271447)	(7.0, 0.20852166150509857)	(8.0, 0.13415400992076373)	(9.0, 0.092920337591211)	('>10', 0.35551198489356495)	('>50', 0.017473530968865995)	('>100', 0.005045329645977892)	('>500', 0.0)	('>1k', 0.0)	('>5k', 0.0)	('>10k+', 0.0)
SRR8146956_2	(1.0, 84.21464318867518)	(2.0, 10.754590897946176)	(3.0, 2.7539640938776424)	(4.0, 1.0476009372280153)	(5.0, 0.4732274027836344)	(6.0, 0.24446045379974074)	(7.0, 0.12188235481200162)	(8.0, 0.08875463209479525)	(9.0, 0.05049298132419119)	('>10', 0.22904419260264056)	('>50', 0.010938727461253473)	('>100', 0.010400137394709364)	('>500', 0.0)	('>1k', 0.0)	('>5k', 0.0)	('>10k+', 0.0)
SRR8146957_1	(1.0, 74.81079489412399)	(2.0, 15.878999580835599)	(3.0, 4.833460671388397)	(4.0, 1.9309855477073585)	(5.0, 0.9273558663809134)	(6.0, 0.47923042918584574)	(7.0, 0.2916590136296218)	(8.0, 0.18826528752753588)	(9.0, 0.1431093711087872)	('>10', 0.49680157262684127)	('>50', 0.014953106484686987)	('>100', 0.0022904834218087375)	('>500', 0.002094175578630091)	('>1k', 0.0)	('>5k', 0.0)	('>10k+', 0.0)
SRR8146957_2	(1.0, 84.06454936744984)	(2.0, 10.15279414936477)	(3.0, 3.0080398650836115)	(4.0, 1.1881847967194012)	(5.0, 0.5369782076880572)	(6.0, 0.3375819732225829)	(7.0, 0.18304096714347043)	(8.0, 0.11678086822267558)	(9.0, 0.08162729011425937)	('>10', 0.3122025026112374)	('>50', 0.014901184449696046)	('>100', 0.0011584082221802905)	('>500', 0.0021604197082694416)	('>1k', 0.0)	('>5k', 0.0)	('>10k+', 0.0)
SRR8146959_1	(1.0, 77.32909812099562)	(2.0, 15.406879209789908)	(3.0, 4.103337671294726)	(4.0, 1.3620567051424841)	(5.0, 0.6071246967910329)	(6.0, 0.3301719107794486)	(7.0, 0.20564656681426483)	(8.0, 0.1524379004106877)	(9.0, 0.09199872674384517)	('>10', 0.39943535763262966)	('>50', 0.009916770501239914)	('>100', 0.0)	('>500', 0.0018963631042252813)	('>1k', 0.0)	('>5k', 0.0)	('>10k+', 0.0)
SRR8146959_2	(1.0, 84.78253532965667)	(2.0, 10.50752234541078)	(3.0, 2.6082465821444507)	(4.0, 0.9405608389560567)	(5.0, 0.3819764274450559)	(6.0, 0.22749234453459158)	(7.0, 0.13708891985716554)	(8.0, 0.0928658609992108)	(9.0, 0.06064905607328097)	('>10', 0.24907700613395445)	('>50', 0.007670289712036619)	('>100', 0.00236232971662533)	('>500', 0.0019526693601675357)	('>1k', 0.0)	('>5k', 0.0)	('>10k+', 0.0)
SRR8146960_1	(1.0, 42.767834533787806)	(2.0, 14.39628178853205)	(3.0, 9.80200375895223)	(4.0, 7.675644084678036)	(5.0, 5.813722803853773)	(6.0, 4.288276253378971)	(7.0, 3.1345475862749965)	(8.0, 2.2965541382461674)	(9.0, 1.662767486815501)	('>10', 7.477449540431352)	('>50', 0.49453832569885314)	('>100', 0.19037969935010832)	('>500', 0.0)	('>1k', 0.0)	('>5k', 0.0)	('>10k+', 0.0)
SRR8146960_2	(1.0, 58.521252421324)	(2.0, 10.633631268257187)	(3.0, 7.454025890020357)	(4.0, 5.755719721639352)	(5.0, 4.41139612072646)	(6.0, 3.100254219120089)	(7.0, 2.2230369351323738)	(8.0, 1.5549984643271155)	(9.0, 1.1078919013831217)	('>10', 4.782116463025446)	('>50', 0.3346844752035705)	('>100', 0.12099211984091468)	('>500', 0.0)	('>1k', 0.0)	('>5k', 0.0)	('>10k+', 0.0)
SRR8146961_1	(1.0, 74.2893388566824)	(2.0, 16.330266937228778)	(3.0, 5.280068470438454)	(4.0, 1.968754848652263)	(5.0, 0.8075128678003082)	(6.0, 0.35053598646545414)	(7.0, 0.19170172757871473)	(8.0, 0.11723278306600235)	(9.0, 0.08807012220653297)	('>10', 0.5409255306491689)	('>50', 0.005500363582525675)	('>100', 0.007447470285033649)	('>500', 0.00480623373460971)	('>1k', 0.01783780162973248)	('>5k', 0.0)	('>10k+', 0.0)
SRR8146961_2	(1.0, 82.37984379447559)	(2.0, 11.601313950694376)	(3.0, 3.4265829123670377)	(4.0, 1.25717590186044)	(5.0, 0.44957421438988654)	(6.0, 0.21155092934679134)	(7.0, 0.1301627587578723)	(8.0, 0.07478762911437291)	(9.0, 0.06681017550956034)	('>10', 0.36821006263787137)	('>50', 0.005456470957713733)	('>100', 0.006145388044732973)	('>500', 0.004749515673790897)	('>1k', 0.017636296169990393)	('>5k', 0.0)	('>10k+', 0.0)
SRR8146963_1	(1.0, 72.73357144298451)	(2.0, 14.037740236336644)	(3.0, 4.427883370165354)	(4.0, 1.9890232352303912)	(5.0, 1.1333538589412206)	(6.0, 0.7880559533515028)	(7.0, 0.5524771150821015)	(8.0, 0.4978731147688303)	(9.0, 0.3844084729232758)	('>10', 3.3481719920181305)	('>50', 0.07953394314026817)	('>100', 0.004639624910500762)	('>500', 0.0060819720474099455)	('>1k', 0.017185668099876265)	('>5k', 0.0)	('>10k+', 0.0)
SRR8146963_2	(1.0, 81.40183638886772)	(2.0, 9.553475497738804)	(3.0, 2.9938124690564973)	(4.0, 1.26859242140566)	(5.0, 0.7811360559398555)	(6.0, 0.5901107105090019)	(7.0, 0.40045727841432255)	(8.0, 0.3637454564939306)	(9.0, 0.27630370190759473)	('>10', 2.3021201192499774)	('>50', 0.04311103543705833)	('>100', 0.004040340256032558)	('>500', 0.005190405102868269)	('>1k', 0.016068119620718878)	('>5k', 0.0)	('>10k+', 0.0)
SRR8146965_1	(1.0, 63.451252275391425)	(2.0, 20.967880783812937)	(3.0, 8.333907613625215)	(4.0, 3.46123046815255)	(5.0, 1.4997308288618765)	(6.0, 0.7088003797918763)	(7.0, 0.39632387330910307)	(8.0, 0.2555549041723093)	(9.0, 0.14467895570233455)	('>10', 0.6648081184192868)	('>50', 0.07178717033262472)	('>100', 0.04404462842848523)	('>500', 0.0)	('>1k', 0.0)	('>5k', 0.0)	('>10k+', 0.0)
SRR8146965_2	(1.0, 74.18772050596026)	(2.0, 15.445621000876898)	(3.0, 5.76806668535296)	(4.0, 2.2034607120305503)	(5.0, 0.8898146203476599)	(6.0, 0.4249656573589105)	(7.0, 0.25013693261598446)	(8.0, 0.17274545993730797)	(9.0, 0.10623897237389533)	('>10', 0.4775466356312643)	('>50', 0.05053205024053057)	('>100', 0.023150767273829365)	('>500', 0.0)	('>1k', 0.0)	('>5k', 0.0)	('>10k+', 0.0)
SRR8146969_1	(1.0, 64.31531172409346)	(2.0, 19.793554571578227)	(3.0, 7.823047542410118)	(4.0, 3.345334341426031)	(5.0, 1.4241139101657216)	(6.0, 0.7282185604947423)	(7.0, 0.3989079694404883)	(8.0, 0.21690522072348298)	(9.0, 0.16570250772804615)	('>10', 1.5636454765853318)	('>50', 0.20115945557741519)	('>100', 0.010110202910481232)	('>500', 0.0)	('>1k', 0.013988516866490195)	('>5k', 0.0)	('>10k+', 0.0)
SRR8146969_2	(1.0, 66.56087806686818)	(2.0, 19.31776555956775)	(3.0, 7.201323173983034)	(4.0, 2.8092252234608823)	(5.0, 1.2595664928470216)	(6.0, 0.6438034841674887)	(7.0, 0.30021962156956433)	(8.0, 0.21288957696145966)	(9.0, 0.14146492969706814)	('>10', 1.334784332896345)	('>50', 0.19284108645767717)	('>100', 0.014005445670802325)	('>500', 0.0)	('>1k', 0.011233005852719318)	('>5k', 0.0)	('>10k+', 0.0)
SRR8146970_1	(1.0, 57.364858004237675)	(2.0, 19.241050325682814)	(3.0, 9.159746699517129)	(4.0, 4.861963384196476)	(5.0, 2.9985988380836393)	(6.0, 1.8271600620301316)	(7.0, 1.1023006686600414)	(8.0, 0.7466272235940468)	(9.0, 0.5060674334905835)	('>10', 2.1598232498240404)	('>50', 0.019831999707575987)	('>100', 0.00349001372713189)	('>500', 0.0)	('>1k', 0.008482097248748597)	('>5k', 0.0)	('>10k+', 0.0)
SRR8146970_2	(1.0, 60.14176121574445)	(2.0, 18.9022958153805)	(3.0, 8.593152170274623)	(4.0, 4.449709530253691)	(5.0, 2.535873883456975)	(6.0, 1.517384191841076)	(7.0, 0.9279863165525317)	(8.0, 0.6426608478323532)	(9.0, 0.4494467234566689)	('>10', 1.817957580601575)	('>50', 0.008782529297310791)	('>100', 0.0042811361663459)	('>500', 0.0)	('>1k', 0.008708059141885657)	('>5k', 0.0)	('>10k+', 0.0)
SRR8146971_1	(1.0, 74.05446590768085)	(2.0, 16.428433836958575)	(3.0, 5.087058163849253)	(4.0, 1.955486153271915)	(5.0, 0.925306558143409)	(6.0, 0.4376209545615039)	(7.0, 0.2679619125489272)	(8.0, 0.17450981311527605)	(9.0, 0.09898784783528411)	('>10', 0.5600672465800577)	('>50', 0.0065042184430528435)	('>100', 0.0012404411353789996)	('>500', 0.0023569458765530815)	('>1k', 0.0)	('>5k', 0.0)	('>10k+', 0.0)
SRR8146971_2	(1.0, 81.20299595232527)	(2.0, 11.994844408144614)	(3.0, 3.636797494628868)	(4.0, 1.4409931176770887)	(5.0, 0.6410666824047363)	(6.0, 0.30586579830213495)	(7.0, 0.17832209229320892)	(8.0, 0.10794187530331689)	(9.0, 0.08081094953880363)	('>10', 0.4055285261868827)	('>50', 0.0010783444180481735)	('>100', 0.001246275682130762)	('>500', 0.0025084830949284017)	('>1k', 0.0)	('>5k', 0.0)	('>10k+', 0.0)
SRR8146972_1	(1.0, 86.69620985223668)	(2.0, 10.825699232261142)	(3.0, 1.6747535473728794)	(4.0, 0.40113547573538255)	(5.0, 0.15813970062874266)	(6.0, 0.09688020601491874)	(7.0, 0.054598362574601204)	(8.0, 0.029376859840623652)	(9.0, 0.019283327013922966)	('>10', 0.03784372915590566)	('>50', 0.001115850339362086)	('>100', 0.004963856825866256)	('>500', 0.0)	('>1k', 0.0)	('>5k', 0.0)	('>10k+', 0.0)
SRR8146972_2	(1.0, 90.85051654839926)	(2.0, 7.480162279861196)	(3.0, 1.139983873123578)	(4.0, 0.27145465676328306)	(5.0, 0.10475614730391546)	(6.0, 0.0555035810490032)	(7.0, 0.04751905546806864)	(8.0, 0.011142271689801794)	(9.0, 0.015222392833185302)	('>10', 0.016382078758031337)	('>50', 0.002271771376704453)	('>100', 0.005085343373979636)	('>500', 0.0)	('>1k', 0.0)	('>5k', 0.0)	('>10k+', 0.0)
SRR8146975_1	(1.0, 64.2971469542314)	(2.0, 18.780045574452593)	(3.0, 7.271164616026236)	(4.0, 3.1296508958496734)	(5.0, 1.4958354135154328)	(6.0, 0.8947913640750945)	(7.0, 0.5900153598814037)	(8.0, 0.41038712293570806)	(9.0, 0.32717313072497206)	('>10', 2.7377575993907564)	('>50', 0.0163017000656433)	('>100', 0.011329677180153841)	('>500', 0.00443615148414095)	('>1k', 0.033964440186727854)	('>5k', 0.0)	('>10k+', 0.0)
SRR8146975_2	(1.0, 74.78490202910291)	(2.0, 13.526901623459874)	(3.0, 5.054218195155767)	(4.0, 2.060895872965208)	(5.0, 1.0334342240264849)	(6.0, 0.6014390072253202)	(7.0, 0.41496385206752257)	(8.0, 0.2864532368953235)	(9.0, 0.2403999623319353)	('>10', 1.9419639677499743)	('>50', 0.006495757418517512)	('>100', 0.007862164939008903)	('>500', 0.004717662652873047)	('>1k', 0.03535244400930456)	('>5k', 0.0)	('>10k+', 0.0)
